"","year","month","hcfc","sd","n"
"1",1999,1,10.84,0.5,636
"2",1999,2,10.84,0.38,70
"3",1999,3,11.16,0.47,518
"4",1999,4,11.8,0.45,153
"5",1999,5,11.68,0.37,590
"6",1999,6,11.69,0.46,529
"7",1999,7,10.9,0.56,621
"8",1999,8,10.99,0.55,423
"9",1999,9,11.46,0.4,306
"10",1999,10,11.36,0.47,573
"11",1999,11,11.6,0.48,572
"12",1999,12,11.9,0.72,408
"13",2000,1,11.87,0.83,591
"14",2000,2,11.56,0.76,616
"15",2000,3,11.74,0.83,741
"16",2000,4,11.92,0.86,691
"17",2000,5,11.77,0.82,668
"18",2000,6,12.03,0.87,570
"19",2000,7,12.05,0.81,590
"20",2000,8,12.26,0.76,163
"21",2000,9,12.3,0.83,320
"22",2000,10,12.51,1.03,697
"23",2000,11,12.57,1.13,346
"24",2000,12,12.61,1.13,644
"25",2001,1,12.86,0.99,454
"26",2001,2,12.72,1.15,656
"27",2001,3,12.75,1.18,736
"28",2001,4,12.74,1.22,707
"29",2001,5,12.7,1.13,737
"30",2001,6,12.65,1.25,349
"31",2001,7,13.02,1.22,112
"32",2001,8,12.36,1.08,165
"33",2001,9,13.22,1,319
"34",2001,10,13.3,0.78,739
"35",2001,11,13.36,0.77,417
"36",2001,12,12.93,0.83,144
"37",2002,1,13.01,0.92,115
"38",2002,2,13.31,0.93,390
"39",2002,3,13.37,0.77,732
"40",2002,4,13.33,0.83,697
"41",2002,5,13.43,0.83,703
"42",2002,6,13.66,0.85,709
"43",2002,7,13.37,0.9,683
"44",2002,8,13.93,0.99,175
"45",2002,9,NA,NA,0
"46",2002,10,NA,NA,0
"47",2002,11,NA,NA,0
"48",2002,12,NA,NA,0
"49",2003,1,NA,NA,0
"50",2003,2,13.79,2.81,33
"51",2003,3,13.18,2.16,555
"52",2003,4,12.55,2.81,29
"53",2003,5,NA,NA,0
"54",2003,6,13.94,1.61,123
"55",2003,7,14.55,1.8,249
"56",2003,8,14.42,1.09,515
"57",2003,9,14.58,0.78,635
"58",2003,10,14.67,0.76,240
"59",2003,11,14.89,0.74,523
"60",2003,12,14.79,0.85,733
"61",2004,1,14.27,0.76,732
"62",2004,2,14.5,0.81,677
"63",2004,3,14.56,0.82,675
"64",2004,4,14.82,0.81,704
"65",2004,5,14.68,0.81,689
"66",2004,6,14.7,0.95,655
"67",2004,7,14.76,0.85,651
"68",2004,8,14.84,0.79,602
"69",2004,9,15.12,0.78,623
"70",2004,10,15.23,0.8,713
"71",2004,11,15.17,0.88,715
"72",2004,12,15.08,0.82,685
"73",2005,1,15.17,0.84,663
"74",2005,2,15.13,0.85,634
"75",2005,3,15.3,0.81,708
"76",2005,4,15.06,0.85,551
"77",2005,5,15.19,0.92,491
"78",2005,6,15.36,0.81,185
"79",2005,7,15.35,0.97,451
"80",2005,8,15.68,1.08,392
"81",2005,9,15.83,0.76,444
"82",2005,10,16.06,0.78,394
"83",2005,11,NA,NA,0
"84",2005,12,NA,NA,0
"85",2006,1,NA,NA,0
"86",2006,2,NA,NA,0
"87",2006,3,NA,NA,0
"88",2006,4,16.51,0.82,142
"89",2006,5,16.66,0.86,699
"90",2006,6,16.51,1.01,674
"91",2006,7,16.55,1,673
"92",2006,8,16.48,0.95,709
"93",2006,9,16.79,0.88,532
"94",2006,10,17.01,0.88,616
"95",2006,11,17.2,1.04,686
"96",2006,12,17.26,1.15,708
"97",2007,1,17.44,1.88,678
"98",2007,2,16.66,2.67,541
"99",2007,3,17.32,2.52,672
"100",2007,4,17.53,2.17,647
"101",2007,5,16.82,3.23,342
"102",2007,6,17.27,1.87,169
"103",2007,7,17.39,1.77,215
"104",2007,8,17.86,1.94,585
"105",2007,9,18.25,2.21,591
"106",2007,10,18.17,2.66,576
"107",2007,11,17.95,1.25,350
"108",2007,12,18.18,0.53,700
"109",2008,1,19.13,0.63,417
"110",2008,2,NA,NA,0
"111",2008,3,NA,NA,0
"112",2008,4,NA,NA,0
"113",2008,5,NA,NA,0
"114",2008,6,18.29,1.77,639
"115",2008,7,19.41,2.01,672
"116",2008,8,19.42,1.52,689
"117",2008,9,19.2,1.83,667
"118",2008,10,19.56,1.27,418
"119",2008,11,19.84,0.94,463
"120",2008,12,19.7,1,655
"121",2009,1,20.34,1,706
"122",2009,2,20.96,0.92,668
"123",2009,3,20.97,0.99,663
"124",2009,4,21,1.02,710
"125",2009,5,21.14,0.98,717
"126",2009,6,20.64,0.96,702
"127",2009,7,19.97,1.1,725
"128",2009,8,20.25,1,663
"129",2009,9,20.21,1.24,719
"130",2009,10,20.83,1.26,731
"131",2009,11,20.29,1.24,705
"132",2009,12,20.25,1.6,713
"133",2010,1,19.76,1.66,715
"134",2010,2,20.24,1.79,659
"135",2010,3,19.82,2.16,686
"136",2010,4,19.94,2.45,558
"137",2010,5,20.6,2.85,354
"138",2010,6,20.23,1.22,671
"139",2010,7,21,1.13,723
"140",2010,8,20.87,1.05,635
"141",2010,9,21.19,1.02,560
"142",2010,10,21.35,1.08,722
"143",2010,11,21.27,0.91,702
"144",2010,12,21.04,0.81,685
"145",2011,1,20.99,0.86,583
"146",2011,2,20.82,0.94,663
"147",2011,3,20.98,1.03,717
"148",2011,4,20.78,1.1,704
"149",2011,5,21.03,1.03,658
"150",2011,6,21.01,1.16,595
"151",2011,7,20.92,1.35,730
"152",2011,8,20.96,1.55,740
"153",2011,9,21.06,1.57,623
"154",2011,10,21.54,1.45,733
"155",2011,11,21.36,1.53,706
"156",2011,12,21.15,1.61,729
"157",2012,1,21.8,1.73,727
"158",2012,2,21.21,1.48,622
"159",2012,3,21.33,1.23,549
"160",2012,4,21.23,1.42,705
"161",2012,5,21.69,1.33,716
"162",2012,6,21.55,1.44,671
"163",2012,7,21.48,1.66,686
"164",2012,8,21.72,1.7,685
"165",2012,9,22.05,1.66,649
"166",2012,10,21.95,1.61,578
"167",2012,11,22.2,1.25,713
"168",2012,12,21.76,1.29,728
"169",2013,1,21.83,1.07,654
"170",2013,2,21.5,1.04,651
"171",2013,3,21.78,1.02,706
"172",2013,4,21.9,1.24,707
"173",2013,5,22.3,1.66,713
"174",2013,6,22.04,1.49,697
"175",2013,7,22.14,1.32,679
"176",2013,8,22.15,1.7,518
"177",2013,9,22.29,2.02,645
"178",2013,10,22.43,1.48,521
"179",2013,11,21.99,1.33,663
"180",2013,12,22.36,1.34,711
"181",2014,1,22.04,1.09,730
"182",2014,2,21.69,1.12,603
"183",2014,3,22.22,1.17,698
"184",2014,4,22.79,1.16,705
"185",2014,5,22.35,1.19,657
"186",2014,6,23.32,1.19,676
"187",2014,7,23.08,0.93,712
"188",2014,8,23.24,0.71,612
"189",2014,9,23.37,0.74,709
"190",2014,10,23.11,0.66,629
"191",2014,11,23.5,0.72,696
"192",2014,12,23.57,0.59,669
"193",2015,1,23.21,0.66,720
"194",2015,2,23.09,0.68,666
"195",2015,3,23.3,0.59,727
"196",2015,4,23.5,0.67,703
"197",2015,5,23.17,0.71,709
"198",2015,6,22.85,0.76,660
"199",2015,7,22.42,0.7,729
"200",2015,8,22.15,0.72,678
"201",2015,9,22.41,0.89,695
"202",2015,10,22.79,1.02,731
"203",2015,11,22.67,1.09,719
"204",2015,12,21.98,0.85,608
"205",2016,1,22.1,0.97,717
"206",2016,2,22.15,0.92,677
"207",2016,3,21.1,0.87,584
"208",2016,4,21.8,1.12,680
"209",2016,5,22.05,0.87,721
"210",2016,6,22.63,0.66,711
"211",2016,7,22.44,0.68,731
"212",2016,8,22.63,0.57,693
"213",2016,9,23.02,0.55,679
"214",2016,10,23.19,0.66,731
"215",2016,11,23.25,0.66,715
"216",2016,12,23.18,0.71,142
"217",2017,1,NA,NA,0
"218",2017,2,22.75,0.54,666
"219",2017,3,22.47,0.54,645
"220",2017,4,22.63,0.58,708
"221",2017,5,22.74,0.39,713
"222",2017,6,22.58,0.42,684
"223",2017,7,22.53,0.48,433
"224",2017,8,NA,NA,0
"225",2017,9,NA,NA,0
"226",2017,10,NA,NA,0
"227",2017,11,NA,NA,0
"228",2017,12,NA,NA,0
"229",2018,1,NA,NA,0
