"","year","month","n2o","sd","n"
"1",1999,7,315.16,0.33,546
"2",1999,8,315.08,0.29,643
"3",1999,9,315.08,0.27,473
"4",1999,10,315.17,0.26,615
"5",1999,11,315.46,0.28,569
"6",1999,12,315.41,0.4,393
"7",2000,1,315.54,0.4,544
"8",2000,2,315.78,0.43,593
"9",2000,3,315.7,0.39,732
"10",2000,4,315.78,0.4,682
"11",2000,5,315.75,0.39,642
"12",2000,6,316.03,0.38,547
"13",2000,7,316.18,0.37,565
"14",2000,8,315.84,0.36,161
"15",2000,9,316.91,0.55,209
"16",2000,10,316.68,0.47,661
"17",2000,11,316.95,0.87,129
"18",2000,12,316.81,0.97,625
"19",2001,1,316.79,1.09,417
"20",2001,2,317.04,1.08,649
"21",2001,3,317.01,1.18,727
"22",2001,4,316.72,0.98,691
"23",2001,5,316.82,0.85,738
"24",2001,6,316.86,1.08,348
"25",2001,7,316.8,0.82,635
"26",2001,8,316.89,0.91,728
"27",2001,9,316.96,0.91,708
"28",2001,10,317.21,1.22,680
"29",2001,11,317.27,1.27,642
"30",2001,12,317.33,1.11,634
"31",2002,1,317.5,1.02,671
"32",2002,2,317.07,1.15,658
"33",2002,3,317.41,1.31,645
"34",2002,4,317.38,1.36,674
"35",2002,5,317.89,1.14,281
"36",2002,6,NA,NA,0
"37",2002,7,NA,NA,0
"38",2002,8,NA,NA,0
"39",2002,9,317.55,0.61,142
"40",2002,10,317.72,0.47,678
"41",2002,11,317.81,0.44,671
"42",2002,12,317.76,0.37,692
"43",2003,1,317.91,0.33,668
"44",2003,2,317.79,0.23,638
"45",2003,3,318.05,0.34,735
"46",2003,4,318.06,0.38,696
"47",2003,5,318.17,0.34,724
"48",2003,6,318.17,0.37,693
"49",2003,7,318.29,0.39,686
"50",2003,8,318.33,0.45,693
"51",2003,9,318.53,0.44,662
"52",2003,10,318.6,0.47,688
"53",2003,11,318.61,0.33,693
"54",2003,12,318.63,0.36,729
"55",2004,1,318.76,0.35,727
"56",2004,2,318.68,0.42,651
"57",2004,3,318.64,0.34,656
"58",2004,4,318.74,0.35,708
"59",2004,5,318.85,0.35,695
"60",2004,6,318.9,0.34,682
"61",2004,7,318.94,0.37,631
"62",2004,8,319.02,0.49,581
"63",2004,9,319.1,0.51,641
"64",2004,10,319.2,0.39,699
"65",2004,11,319.33,0.37,701
"66",2004,12,319.34,0.38,676
"67",2005,1,319.46,0.38,646
"68",2005,2,319.53,0.31,637
"69",2005,3,319.56,0.37,704
"70",2005,4,319.55,0.35,685
"71",2005,5,319.63,0.31,700
"72",2005,6,319.66,0.33,671
"73",2005,7,319.83,0.29,690
"74",2005,8,319.99,0.48,697
"75",2005,9,319.79,0.5,678
"76",2005,10,319.89,0.63,725
"77",2005,11,319.91,0.52,696
"78",2005,12,320.17,0.41,592
"79",2006,1,320.21,0.44,692
"80",2006,2,320.15,0.42,593
"81",2006,3,320.05,0.39,716
"82",2006,4,320.29,0.42,692
"83",2006,5,320.27,0.38,693
"84",2006,6,320.41,0.38,653
"85",2006,7,320.42,1.82,244
"86",2006,8,320.45,0.46,124
"87",2006,9,320.49,0.42,522
"88",2006,10,320.74,0.43,613
"89",2006,11,320.75,0.4,674
"90",2006,12,320.96,0.54,672
"91",2007,1,320.96,0.53,690
"92",2007,2,321.06,0.48,641
"93",2007,3,320.96,0.43,709
"94",2007,4,321.25,0.52,667
"95",2007,5,321.19,0.52,692
"96",2007,6,321.29,0.42,687
"97",2007,7,321.32,0.44,692
"98",2007,8,321.42,0.62,581
"99",2007,9,321.4,0.54,677
"100",2007,10,321.5,0.45,679
"101",2007,11,321.7,0.53,590
"102",2007,12,321.78,0.61,643
"103",2008,1,322.02,0.57,422
"104",2008,2,321.89,0.42,70
"105",2008,3,321.88,0.41,726
"106",2008,4,322.06,0.31,713
"107",2008,5,322.01,0.33,713
"108",2008,6,322.1,0.31,700
"109",2008,7,322.27,0.28,732
"110",2008,8,322.27,0.3,732
"111",2008,9,322.36,0.32,706
"112",2008,10,322.6,0.35,701
"113",2008,11,322.6,0.34,701
"114",2008,12,322.63,0.35,701
"115",2009,1,322.74,0.36,560
"116",2009,2,322.68,0.28,667
"117",2009,3,322.72,0.29,720
"118",2009,4,322.75,0.3,711
"119",2009,5,322.87,0.31,728
"120",2009,6,322.92,0.32,699
"121",2009,7,322.85,0.31,733
"122",2009,8,322.96,0.26,743
"123",2009,9,323.09,0.28,719
"124",2009,10,323.1,0.27,738
"125",2009,11,323.21,0.26,707
"126",2009,12,323.35,0.26,738
"127",2010,1,323.45,0.49,686
"128",2010,2,323.18,0.78,314
"129",2010,3,NA,NA,0
"130",2010,4,323.57,0.33,688
"131",2010,5,323.69,0.35,706
"132",2010,6,323.68,0.35,690
"133",2010,7,323.68,0.32,726
"134",2010,8,323.83,0.32,618
"135",2010,9,323.86,0.31,582
"136",2010,10,324.17,0.33,742
"137",2010,11,324.3,0.35,703
"138",2010,12,324.44,0.34,684
"139",2011,1,324.37,0.4,571
"140",2011,2,324.44,0.37,653
"141",2011,3,324.47,0.41,736
"142",2011,4,324.49,0.45,613
"143",2011,5,324.44,0.4,734
"144",2011,6,324.51,0.42,659
"145",2011,7,324.65,0.34,734
"146",2011,8,324.82,0.28,736
"147",2011,9,324.91,0.3,717
"148",2011,10,325.06,0.31,739
"149",2011,11,325.14,0.25,683
"150",2011,12,325.27,0.29,735
"151",2012,1,325.46,0.32,742
"152",2012,2,325.47,0.42,682
"153",2012,3,325.34,0.34,584
"154",2012,4,325.47,0.33,715
"155",2012,5,325.4,0.37,713
"156",2012,6,325.37,0.31,683
"157",2012,7,325.43,0.33,741
"158",2012,8,325.55,0.34,724
"159",2012,9,325.67,0.57,683
"160",2012,10,325.94,0.67,702
"161",2012,11,325.95,0.57,675
"162",2012,12,326.05,0.28,735
"163",2013,1,326.09,0.27,734
"164",2013,2,326.15,0.29,627
"165",2013,3,326.17,0.26,741
"166",2013,4,326.27,0.26,709
"167",2013,5,326.43,0.28,712
"168",2013,6,326.35,0.33,715
"169",2013,7,326.38,0.33,683
"170",2013,8,326.65,0.35,431
"171",2013,9,326.67,0.32,696
"172",2013,10,326.7,0.3,732
"173",2013,11,326.87,0.29,711
"174",2013,12,326.93,0.31,734
"175",2014,1,327.03,0.3,731
"176",2014,2,327.12,0.29,665
"177",2014,3,327.17,0.35,699
"178",2014,4,327.15,0.37,699
"179",2014,5,327.5,0.32,658
"180",2014,6,327.51,0.33,694
"181",2014,7,327.63,0.52,644
"182",2014,8,327.74,0.59,582
"183",2014,9,328.22,0.62,549
"184",2014,10,328.48,0.5,480
"185",2014,11,328.37,0.37,554
"186",2014,12,328.36,0.33,517
"187",2015,1,328.43,0.38,553
"188",2015,2,328.4,0.37,528
"189",2015,3,328.42,0.48,562
"190",2015,4,328.61,0.34,511
"191",2015,5,328.65,0.42,565
"192",2015,6,328.47,0.35,510
"193",2015,7,328.62,0.34,573
"194",2015,8,328.9,0.52,522
"195",2015,9,329.1,0.29,690
"196",2015,10,329.25,0.28,715
"197",2015,11,329.29,0.26,697
"198",2015,12,329.29,0.24,633
"199",2016,1,329.4,0.23,730
"200",2016,2,329.32,0.25,674
"201",2016,3,329.31,0.26,614
"202",2016,4,329.37,0.31,671
"203",2016,5,329.37,0.3,711
"204",2016,6,329.3,0.36,681
"205",2016,7,329.38,0.36,731
"206",2016,8,329.53,0.36,689
"207",2016,9,329.73,0.35,635
"208",2016,10,329.87,0.51,636
"209",2016,11,329.88,0.47,682
"210",2016,12,329.74,0.47,664
"211",2017,1,329.89,0.48,668
"212",2017,2,329.83,0.49,655
"213",2017,3,329.89,0.66,704
"214",2017,4,329.75,0.83,665
"215",2017,5,329.82,0.67,706
"216",2017,6,329.84,0.94,679
"217",2017,7,329.84,0.68,523
"218",2017,8,329.98,0.71,707
"219",2017,9,329.92,0.52,704
"220",2017,10,330.02,0.53,704
"221",2017,11,330.01,0.53,702
"222",2017,12,330.11,0.59,700
"223",2018,1,329.98,0.52,214
